-0.6640377044677734 1.946456074714661 0.5736855864524841
1.427714347839355 -1.899561285972595 0.04643670469522476
0.3891788125038147 2.767192125320435 -0.1491498053073883
-1.848525404930115 -0.5244829654693604 0.1122211515903473
0.1691613346338272 0.01871676370501518 -0.7879387736320496
-1.071104288101196 0.7624382972717285 -0.3047293722629547
1.85657811164856 -3.178869009017944 0.2147951126098633
0.6714721322059631 -0.9048776626586914 0.2715390026569366
-1.005175232887268 1.584915161132812 1.53659975528717
-0.03052766621112823 -0.4338993728160858 -1.762325525283813
1.100502967834473 0.5420542359352112 -0.9524310231208801
-1.750248789787292 1.391802310943604 -0.9046158790588379
0.7375956177711487 3.524271011352539 0.5594422221183777
-2.759412527084351 -0.524030864238739 -0.4934233427047729
0.462723046541214 -0.5891384482383728 1.289877772331238
-1.93673312664032 -0.600355327129364 1.198144197463989
-1.489162802696228 -1.567030668258667 -0.03002221696078777
-0.1483124792575836 3.093971490859985 -1.051714897155762
2.549881458282471 -3.226370811462402 1.080280423164368
2.425676107406616 -3.532813549041748 -0.6816183924674988
1.071943521499634 -3.946162462234497 0.3573930859565735
-1.334367752075195 2.815213680267334 0.7247356176376343
1.175180673599243 2.480562210083008 -0.847181499004364
