1.334686398506165 0.1059721633791924 0.7637312412261963
-2.307596206665039 -0.3332445323467255 -0.9146929383277893
-1.872018218040466 -1.58024537563324 1.130552887916565
2.07236647605896 1.30570650100708 1.015704989433289
-0.2481303662061691 0.7552857398986816 -2.196319818496704
-2.764788389205933 -1.157644271850586 0.1020946577191353
-0.6942536234855652 -0.795426070690155 1.3263099193573
-0.8904779553413391 0.2131855040788651 -0.9457594156265259
-0.1505147814750671 0.19122314453125 0.3964757919311523
1.024590373039246 1.196275591850281 -2.390573501586914
1.831114888191223 0.1067898124456406 2.020041942596436
3.352346181869507 1.506349682807922 0.4174315631389618
1.651633501052856 2.251852512359619 1.366078734397888
1.782412052154541 -0.6453345417976379 0.07246653735637665
-2.675772190093994 -0.02663146331906319 -1.818986654281616
3.861182451248169 0.7068191766738892 0.7118059396743774
1.512743949890137 1.003356456756592 -1.516308784484863
-3.767559289932251 -1.562698602676392 0.09846885502338409
-1.021822929382324 0.9053590893745422 -2.987961053848267
-2.072657346725464 -2.595511674880981 1.491371035575867
0.04251512885093689 -1.551438570022583 1.858068108558655
